-1
-1
-1
-1
-1
-1
-1
-1
-1
-1
-1
-1
-1
-1
-1
-1
-1
-1
-1
-1
-1
-1
-1
-1
-1
-1
-1
-1
-1
-1
-1
-1
-1
-1
-1
-1
-1
-1
-1
-1
-1
-1
-1
-1
-1
-1
-1
-1
-1
-1
-1
-1
-1
-1
-1
-1
-1
-1
-1
-1
-1
-1
-1
-1
-1
-1
-1
-1
-1
-1
-1
-1
-1
-1
-1
-1
-1
-1
-1
-1
-1
-1
-1
-1
-1
-1
-1
-1
-1
-1
-1
-1
-1
-1
-1
-1
-1
-1
-1
-1
-1
-1
-1
-1
-1
-1
-1
-1
-1
-1
-1
-1
-1
-1
-1
-1
-1
-1
-1
-1
-1
-1
-1
-1
-1
-1
-1
-1
-1
-1
-1
-1
-1
-1
-1
-1
-1
-1
-1
-1
-1
-1
-1
-1
-1
-1
-1
-1
-1
-1
-1
-1
-1
-1
-1
-1
-1
-1
-1
-1
-1
-1
-1
-1
-1
-1
-1
-1
-1
-1
-1
-1
-1
-1
-1
-1
-1
-1
-1
-1
-1
-1
-1
-1
-1
-1
-1
-1
-1
-1
-1
-1
-1
-1
-1
-1
-1
-1
-1
-1
-1
-1
-1
-1
-1
-1
-1
-1
-1
-1
-1
-1
-1
-1
-1
-1
-1
-1
-1
-1
-1
-1
-1
-1
-1
-1
-1
-1
-1
-1
-1
-1
-1
-1
-1
-1
-1
-1
-1
-1
-1
-1
-1
-1
-1
-1
-1
-1
-1
-1
-1
-1
-1
-1
-1
-1
-1
-1
-1
-1
-1
-1
-1
-1
-1
-1
-1
-1
-1
-1
-1
-1
-1
-1
-1
-1
-1
-1
-1
-1
-1
-1
-1
-1
-1
-1
-1
-1
-1
-1
-1
-1
-1
-1
-1
-1
-1
-1
-1
-1
-1
-1
-1
-1
-1
-1
-1
-1
-1
-1
-1
-1
-1
-1
-1
-1
-1
-1
-1
-1
-1
-1
-1
-1
-1
-1
-1
-1
-1
-1
-1
-1
-1
-1
-1
-1
-1
-1
-1
-1
-1
-1
-1
-1
-1
-1
-1
-1
-1
-1
-1
-1
-1
-1
-1
-1
-1
-1
-1
-1
-1
-1
-1
-1
-1
-1
-1
-1
-1
-1
-1
-1
-1
-1
-1
-1
-1
-1
-1
-1
-1
-1
-1
-1
-1
-1
-1
-1
-1
-1
-1
-1
-1
-1
-1
-1
-1
-1
-1
-1
-1
-1
-1
-1
-1
-1
-1
-1
-1
-1
-1
-1
-1
-1
-1
-1
-1
-1
-1
-1
-1
-1
-1
-1
-1
-1
-1
-1
-1
-1
-1
-1
-1
-1
-1
-1
-1
-1
-1
-1
-1
-1
-1
-1
-1
-1
-1
-1
-1
-1
-1
-1
-1
-1
-1
-1
-1
-1
-1
-1
-1
-1
-1
-1
-1
-1
-1
-1
-1
-1
-1
-1
-1
-1
-1
-1
-1
-1
-1
-1
-1
-1
-1
-1
-1
-1
-1
-1
-1
-1
-1
-1
-1
-1
-1
-1
101526
101526
101526
101526
101526
102137
103278
103278
103278
103278
103385
103385
103385
103385
103385
103385
103900
104552
104552
104985
104985
104985
104985
104985
104985
104985
104985
104985
104985
104985
104985
105603
105603
105603
105603
105603
105603
105603
105882
105882
105882
105882
105924
105924
105924
105924
105924
105924
105924
105924
105924
106564
106564
106564
107313
107313
107313
107313
107313
107313
107313
107313
107313
107313
107313
107313
108044
108044
108483
108483
108483
108483
108483
108483
108483
108483
110233
110233
110233
110233
110233
110233
110233
110233
110623
110623
110727
112323
112323
112323
112323
112323
112323
112323
112323
112323
112323
113474
113474
113474
113474
113474
113474
113474
113474
113474
113474
113849
113849
113849
113849
113849
113849
114148
114148
114148
114148
114736
114736
114736
114736
114736
114736
114736
114736
114736
114736
114736
114736
114736
114736
114736
114736
114736
114736
114736
114736
114736
114736
114736
114736
114965
115475
115475
115475
115475
115475
115475
115475
115475
115475
115475
117339
117506
117506
117506
117506
117506
117506
117506
117506
117506
117506
117506
117506
117506
117506
119090
119090
119711
119711
120030
120030
120030
120030
120030
120030
120030
120030
120562
120562
120562
120562
120562
120562
120562
120562
120562
120562
120562
120562
120562
120562
120562
120562
120697
120697
120697
120697
120697
120697
120697
120697
120697
120697
120697
120697
120697
120697
120697
120697
120697
120697
120697
121798
121798
121798
121798
121798
121806
121806
122558
122558
122558
122558
122558
122558
122558
122558
122558
122558
122940
122940
122940
122940
122940
122940
122940
122940
122940
122940
122940
124642
124642
124642
124642
124642
124642
124642
124642
124642
124642
124642
124642
124642
124642
124642
125339
125339
125339
125339
125339
125339
125339
125339
125339
125339
125339
125339
125339
125339
126302
126302
126302
126302
126302
126302
126891
126891
126891
126891
126891
126891
126891
126891
126891
126891
128564
128564
128564
128564
128564
129170
129170
129170
129170
129170
129170
129170
129170
129170
129170
130292
130292
130292
130292
130292
130292
130292
130292
130292
130292
130292
130292
130292
130292
130292
130292
130292
130292
130490
130490
130490
130490
130490
131091
131091
131091
131091
131091
131091
131091
131091
131091
131091
131091
131091
131091
131091
131091
131091
131091
131091
132051
132051
133527
133527
133527
133527
133527
133527
133527
133527
134225
134225
134225
134225
134225
134225
134225
134225
135295
135298
135298
135298
135298
135298
135298
135298
135298
135298
135298
135298
135298
135298
135298
136019
136019
136019
136019
136019
136193
136193
136193
136193
136193
136193
136193
136193
136193
136193
136193
136193
136193
136193
136193
136193
136193
136193
136193
136193
136193
136410
136410
136410
136410
136410
136410
136410
136410
136410
136410
136410
136410
136410
136410
136410
136410
136410
137123
137123
137123
137123
137123
137123
137123
137196
137196
137196
137196
137196
137196
137196
137196
137196
137196
138098
138098
138098
138119
138119
138119
138119
138119
138119
138119
138119
138119
138119
138119
138119
138119
138119
138119
138119
138119
138119
138119
138367
138367
138367
138367
138367
138367
138367
138367
138367
138367
138367
138367
138367
138367
138367
139561
139561
139561
139561
139561
139561
139561
139561
139561
140190
140190
140190
140190
140190
140190
140961
140961
142335
142335
142335
142335
142335
142335
142335
142335
142335
142335
142335
142335
142335
142740
142740
143500
143500
143500
143500
143500
143500
143500
143500
143500
143500
143500
143500
143500
143500
143500
143500
143500
143500
143500
143500
143500
145228
145228
146085
146085
146085
146085
146085
146674
146674
146771
146858
146858
146858
146858
147181
147181
147181
147294
147294
147294
147294
147965
147965
147965
147965
147965
147965
147965
147965
147965
147965
147965
147965
147965
147965
147965
147965
147965
147965
148381
148381
148381
148381
148694
148694
148694
148694
151192
152327
152517
152517
152517
152517
152517
152517
152517
154071
154698
154698
154698
156871
156871
156871
156871
156871
156871
156871
156871
156871
157211
157211
157211
157211
157211
157966
157966
157966
157966
157966
157966
157966
157966
157966
158749
159964
159964
159964
159964
159964
160754
160754
160754
161506
161506
161506
161506
161506
161506
161506
161506
161966
161966
161966
161966
162189
162189
162189
162189
162189
162189
162189
162189
162189
162189
162189
162189
162189
162189
162189
162189
162189
162189
162189
162189
162189
162189
162189
162189
162189
162189
162189
162189
162189
162189
162189
162189
162189
162189
162189
162189
162189
162189
162500
162500
162500
162834
162834
162834
162834
162834
162834
162834
162834
163781
163781
163781
163781
163781
163781
163781
163781
163781
163781
163781
163781
163781
163781
163781
163781
163781
163781
163781
163781
163781
163781
163781
163781
163781
163781
163781
163781
163781
163781
165204
165204
165204
165204
165204
165204
165204
165204
165204
165204
165204
165204
165204
165640
165640
165640
165640
165640
165640
165640
165640
165640
165640
168021
168021
168021
168021
168021
169434
169434
169434
169434
169434
169434
169434
169434
169434
170085
170085
170085
170085
170085
170085
170085
171022
171811
172000
172000
173675
173675
173675
174253
174253
174253
174253
174253
174253
174253
174291
175958
175958
175958
175958
175958
176345
176345
176345
176345
176345
176345
176345
176345
176345
176345
176345
176711
176711
176711
176923
176923
176923
176923
176923
176923
176923
176923
176923
176923
176923
176923
176923
176923
176923
176923
176923
176923
176923
176923
176923
176923
176923
176923
176923
176923
177001
177001
177001
177001
177001
177748
178615
178615
178615
178615
178615
178615
178615
178615
180251
180251
180251
181528
181528
181528
181528
184529
184529
184529
184529
184529
185465
186512
186512
186512
186512
186512
186512
186512
186512
186512
187499
187499
190669
190669
190669
190669
191221
191886
191886
191886
191886
192470
192470
192470
192470
192470
194535
194940
194940
194940
194940
194940
195661
197928
198922
198922
198922
198922
198922
198922
198922
198922
198922
199573
199573
199573
199573
199573
199573
199573
199573
199573
199573
199573
199573
199573
199573
200690
200690
200690
200935
200935
201118
201118
201118
201188
201188
201188
201188
203322
204237
204237
204237
204237
204237
204237
205691
206753
207452
207452
207452
207452
207719
207719
207719
207719
207719
207719
207719
207719
210385
210385
210385
210385
210385
210415
210415
211144
211144
214480
215646
215646
215646
215646
215646
216722
216722
216722
216722
216722
216722
216722
216722
218030
218030
218030
218030
218030
218030
218030
218030
218030
219127
219127
219127
219127
219127
220153
221443
221443
222855
222861
222861
222861
223741
227857
227857
227857
227857
229044
229044
229721
229721
229721
229721
229721
231300
232193
232193
233092
233092
234262
234262
234262
234262
234262
234262
234611
234611
234611
234611
234611
234611
234611
234611
234611
234611
234611
234611
234611
234611
234611
234611
234611
234611
234611
234935
234935
234935
235253
235253
237243
239775
239775
239775
239775
242167
242167
242167
242167
242167
242167
242167
242167
242167
244157
244157
244157
244157
244157
244157
244157
245484
249008
249008
249008
249008
249873
249873
249873
249873
251128
251128
251128
251128
251128
251128
251128
251446
251446
251446
251446
251446
251849
251849
251849
251849
251849
251849
251849
253285
253748
253748
253748
253748
254961
254961
254961
254961
258480
258480
258480
258480
258480
258480
258480
258480
258480
258480
258585
259634
259634
259634
259634
259634
259634
259634
263126
263126
263126
263126
264011
264011
264011
264011
264011
264011
264011
264011
264363
264363
264363
264363
265113
265113
267382
267382
267382
267720
267720
267720
267720
267720
267720
267720
267720
267720
267720
267720
267720
269218
269218
270679
270679
270679
270679
270679
270679
270679
271311
271311
271311
271311
271311
275264
277035
277035
277035
277747
277747
277747
277747
280192
280192
280197
280197
280197
280197
281993
281993
281993
281993
282299
282299
282299
282299
282299
282299
282841
282841
282841
283225
283225
283225
283225
283225
283225
283225
285476
285476
285476
285476
285476
285476
285476
285476
285476
285476
285476
285476
287783
287783
287783
287783
287783
287783
287783
287783
287783
287783
287783
287783
287783
287783
287783
287783
287783
287783
287783
289999
289999
289999
289999
289999
289999
289999
289999
289999
289999
289999
292821
292821
292821
295224
295224
297041
297041
297041
297041
297041
297041
297041
297041
297041
297041
297041
300384
300384
300384
300384
300384
300798
300798
302454
302454
302454
302454
302454
302454
302454
302454
302454
302454
302454
303745
305533
305533
307254
307254
308797
308797
308797
310717
310717
310717
310717
310985
312619
312619
312619
314009
314009
314009
314009
314009
314009
315446
317323
317323
317323
317323
318213
318213
318213
318213
318213
323853
323853
323853
323853
323853
323853
323853
323853
323853
325220
328066
328066
328066
328393
328393
328763
328763
328763
330645
330645
330765
330765
335009
337818
337818
337818
338872
338872
338872
338872
338872
338872
338872
338872
339112
339112
339112
339151
339151
339151
339151
339636
340886
342036
342036
342330
342860
342860
342860
342860
344688
344688
344688
344688
344688
346190
346190
346190
346190
346190
346190
348685
351214
355922
355922
358265
359787
359787
359787
359787
359787
363805
363805
363805
363805
363805
365607
365607
365607
366667
366667
366667
366667
368895
368895
370714
370714
370714
370714
371823
371823
372088
372088
373539
373539
373539
373539
373945
373945
373945
375346
379325
379325
380566
380566
380566
380566
381568
381568
381568
381568
381568
381568
381568
381568
383262
383262
383262
383262
383262
385111
385111
385111
385111
385111
385111
385111
385111
385111
385111
385111
385111
385111
385577
385577
385577
385577
385577
388084
388084
388084
388084
388084
388084
388084
389959
391508
391508
391508
391508
391508
392913
392913
392913
392913
395688
395688
395688
395688
395688
397213
397213
397213
397213
397213
397213
397213
399902
403170
403170
404582
406218
406218
412268
416463
417176
417176
417717
417717
417717
417717
417931
419011
420942
423995
423995
423995
426669
427378
427378
428113
428113
429431
429431
429431
430789
435202
435202
435978
437700
437700
437700
437700
437700
439866
439866
439866
440798
440798
440798
442703
442703
442715
442715
444237
444237
445416
448816
448816
